5000
1000
707
652
152
772
576
374
607
68
424
77
737
104
935
841
926
911
451
122
113
236
985
165
839
186
124
838
921
332
870
311
519
227
591
608
399
379
54
744
335
205
803
788
4
604
333
114
398
414
537
864
920
923
346
466
347
481
738
919
452
587
224
32
452
913
140
248
176
578
498
165
419
33
915
311
362
781
581
277
632
220
13
212
664
515
178
976
962
459
148
557
415
861
85
535
997
184
502
299
595
310
67
397
750
427
210
800
898
349
205
468
190
625
36
378
472
837
565
588
65
294
776
714
453
528
524
534
441
481
401
497
560
766
155
103
182
334
862
75
947
753
373
272
271
898
644
527
409
801
25
979
156
840
716
867
659
408
27
552
222
254
231
196
672
506
19
595
104
339
800
570
178
888
653
557
238
721
99
806
243
989
722
603
856
807
831
963
397
945
668
141
205
406
293
324
897
87
13
633
85
736
208
848
26
122
181
877
583
643
421
704
893
911
818
625
342
336
259
825
380
363
590
34
268
831
624
345
409
774
552
363
436
861
294
219
949
975
764
780
140
114
869
566
487
986
895
471
800
182
425
485
22
512
268
742
542
699
634
402
258
218
139
645
835
422
985
132
526
901
171
691
272
683
18
823
915
530
117
815
577
498
274
67
554
405
652
497
830
720
206
106
11
140
137
263
900
266
874
732
598
250
601
633
665
494
175
573
915
838
419
404
383
771
519
422
47
354
166
959
738
184
82
90
603
771
245
68
389
837
288
437
356
916
719
722
297
611
566
950
476
397
664
955
937
135
733
484
215
270
31
540
262
162
595
842
51
847
496
956
597
154
334
623
771
474
106
344
75
351
728
413
495
705
689
598
435
460
246
76
819
77
800
2
695
968
272
5
590
103
361
314
91
808
918
963
136
790
951
691
446
521
185
86
542
959
873
759
732
639
807
759
659
724
692
637
850
981
249
904
489
647
221
693
988
51
945
670
39
44
706
588
926
1000
180
556
568
473
916
313
33
120
698
731
297
192
925
115
972
422
945
796
474
745
862
54
845
455
319
522
829
645
37
650
596
365
230
561
120
481
77
885
696
530
340
441
725
404
65
573
315
804
540
538
791
662
319
738
626
520
886
427
616
877
233
417
24
462
870
991
21
0
875
185
529
384
940
933
799
70
998
9
351
52
767
88
402
37
480
480
628
581
874
271
985
398
769
91
418
336
421
523
738
733
239
3
110
467
354
297
287
853
296
716
233
589
42
277
17
911
988
45
428
109
384
392
680
124
218
957
950
798
787
259
89
589
417
983
879
885
945
601
467
904
614
990
167
744
992
65
231
401
943
838
650
230
608
831
513
120
230
46
176
384
220
36
186
958
780
827
350
801
57
630
970
216
884
518
928
597
995
525
174
260
396
515
758
491
696
997
154
898
816
463
224
623
224
748
537
34
593
895
580
860
91
457
878
391
265
273
129
477
889
44
956
853
862
35
810
329
655
932
551
735
87
281
408
252
373
5
260
696
724
48
496
533
81
963
220
109
683
895
76
992
852
61
495
883
481
516
593
907
825
571
348
662
678
544
566
865
267
734
879
521
798
869
659
245
851
157
868
160
709
334
837
238
698
931
680
105
619
699
753
189
158
882
881
962
872
465
29
879
826
5
128
820
335
228
744
909
160
1
818
556
832
757
507
258
6
193
287
84
617
326
982
560
632
115
260
377
634
9
540
819
780
128
107
283
761
18
541
432
963
840
342
392
633
179
932
754
102
789
938
173
688
771
67
948
301
166
708
771
67
709
582
474
346
57
621
74
45
853
872
991
974
676
969
446
750
648
130
594
759
383
24
65
22
822
323
372
489
819
771
252
683
1
446
159
273
469
998
945
426
102
451
855
163
527
795
826
694
298
220
840
82
773
681
230
655
131
273
868
951
964
151
31
432
732
944
910
420
858
639
965
397
760
274
442
984
312
409
321
894
725
230
746
213
200
31
868
652
715
368
563
865
472
473
543
969
159
185
203
869
91
777
153
771
454
845
530
761
17
626
797
131
294
32
912
921
968
617
185
797
462
482
1
117
598
125
607
686
247
430
558
200
225
492
160
64
652
582
326
269
590
798
433
310
985
455
149
11
465
72
681
392
395
480
975
600
722
291
657
695
757
860
953
780
908
39
725
480
749
105
146
242
102
987
571
142
18
499
482
618
210
703
346
560
776
9
942
326
72
518
534
87
883
350
82
33
825
78
358
397
322
132
978
568
201
690
693
801
822
200
41
167
671
104
952
637
124
707
897
31
595
937
617
52
613
541
299
709
936
871
948
714
625
802
784
339
612
815
484
80
661
895
553
548
598
818
784
452
481
644
40
526
164
732
439
81
725
60
593
247
650
159
479
872
616
219
329
976
470
337
745
182
872
790
434
659
43
498
161
555
20
719
653
228
332
997
543
975
493
650
81
199
403
680
220
72
418
30
203
257
841
463
174
869
961
727
416
743
847
425
629
346
736
371
768
988
505
40
543
867
514
579
588
439
29
725
395
487
606
874
598
901
793
422
655
277
993
592
284
913
359
210
384
623
466
632
836
733
236
131
776
716
405
909
602
179
633
237
373
972
513
181
413
855
69
492
437
247
97
871
405
445
593
515
579
359
663
593
95
163
652
391
312
970
399
258
858
657
9
325
589
774
599
131
397
970
237
454
234
236
884
73
442
169
331
520
449
337
670
829
145
431
449
248
588
617
949
707
252
167
359
167
379
36
606
737
357
664
534
475
782
845
706
806
446
585
865
869
558
206
540
112
34
270
987
57
123
531
231
937
51
39
640
122
224
452
180
934
88
316
103
507
585
41
688
148
397
987
480
966
686
4
17
952
323
639
974
868
580
455
254
516
522
489
342
667
532
139
125
30
132
308
143
705
940
202
733
674
162
970
188
93
731
673
156
444
234
869
964
177
255
693
662
838
979
945
374
683
17
497
244
618
831
869
865
571
769
30
113
931
796
690
919
677
601
215
941
659
827
394
667
651
577
106
348
658
159
1000
605
48
318
978
867
407
994
871
753
783
90
567
288
739
109
879
651
404
765
327
926
668
438
808
902
763
878
798
317
436
869
818
376
120
297
545
649
5
328
324
630
366
610
396
564
696
380
388
549
449
597
237
546
373
444
227
14
73
587
604
168
668
643
620
760
463
500
380
542
864
952
519
848
479
915
25
814
341
109
380
149
399
527
580
246
534
477
608
394
765
549
813
747
718
716
956
521
18
823
195
431
7
897
648
71
898
955
243
655
927
380
60
197
935
479
351
194
101
166
486
617
257
523
285
670
307
930
803
532
539
581
311
89
610
718
716
400
272
977
413
823
122
523
181
123
681
860
181
800
525
184
709
295
106
794
567
185
256
918
963
424
484
87
806
816
550
373
43
527
633
112
952
2
602
638
820
515
885
594
228
794
212
647
611
174
411
361
840
906
900
770
353
557
237
255
781
302
275
732
823
852
424
672
668
810
95
767
624
149
452
424
587
153
168
235
737
870
863
473
216
535
95
178
23
312
642
230
607
206
547
638
232
257
391
632
595
58
497
141
988
274
136
597
695
676
404
443
428
446
718
725
693
15
992
341
128
819
104
603
725
337
578
906
274
773
79
265
85
645
895
596
192
401
323
367
226
343
355
617
69
442
519
832
67
670
801
70
233
640
540
271
880
593
651
680
533
231
324
457
333
190
670
52
995
378
662
363
558
996
731
446
465
333
60
581
562
88
958
962
175
635
690
755
201
170
536
409
96
423
450
822
756
1
347
301
665
982
796
475
928
382
234
119
399
975
152
20
993
737
927
769
540
243
842
672
521
93
624
257
89
788
756
865
127
609
826
507
782
159
709
63
36
117
303
227
263
342
360
381
87
346
937
239
554
510
305
826
397
279
447
943
601
874
516
161
920
787
497
575
993
567
852
391
208
501
931
397
116
540
818
628
381
674
878
533
868
722
806
141
790
212
304
819
81
322
403
22
173
153
695
223
346
958
976
573
641
933
823
575
132
479
862
314
923
606
487
139
606
899
765
830
175
317
503
953
399
826
146
666
367
121
68
478
25
506
135
232
964
80
550
777
966
122
432
594
312
937
506
876
439
278
105
852
641
0
216
17
620
603
650
365
152
386
61
565
781
191
460
211
58
485
995
755
57
620
695
297
984
430
239
170
142
74
121
783
303
265
101
177
692
692
62
618
509
633
997
229
814
232
615
221
306
173
624
656
527
848
426
725
130
792
887
405
450
654
194
354
368
526
414
482
828
177
734
387
770
964
11
248
416
133
481
418
19
791
260
582
761
681
137
189
535
619
215
323
12
835
241
629
976
199
802
64
960
42
488
371
109
266
548
646
454
499
845
266
98
149
488
127
150
865
325
243
738
652
476
811
376
614
394
860
459
392
785
957
892
133
956
102
787
659
315
943
688
809
438
76
254
279
841
931
38
253
902
781
461
825
637
495
660
386
896
450
637
227
614
890
66
451
518
883
150
105
738
989
512
443
680
47
41
38
84
746
717
659
72
802
71
105
12
35
957
509
738
387
353
462
296
992
350
971
775
943
662
784
185
355
174
412
98
550
660
831
765
68
265
424
20
82
82
515
968
899
295
783
769
228
625
976
382
668
205
10
121
255
615
260
775
69
644
960
530
478
41
896
969
322
799
125
293
474
980
114
602
486
583
921
748
521
812
617
657
156
128
43
338
110
929
599
224
95
372
376
432
550
439
389
613
163
944
274
240
929
121
676
197
496
887
12
646
993
286
672
816
317
862
880
847
258
919
544
252
636
755
221
461
979
842
748
729
558
777
180
656
53
177
320
545
753
985
269
938
540
43
728
164
108
131
685
726
91
818
966
213
488
506
150
841
342
733
413
542
758
590
744
508
612
297
106
565
151
689
93
874
577
636
878
761
434
160
161
462
558
9
812
246
742
727
882
992
278
99
194
401
880
800
658
204
311
555
743
733
815
616
615
188
688
355
375
784
539
554
524
5
848
761
840
35
833
746
11
202
750
959
759
368
679
327
757
149
842
305
470
877
502
997
124
368
385
449
644
722
781
887
217
593
137
391
663
413
1
696
178
3
29
620
167
355
181
794
388
93
402
588
875
481
510
642
724
64
104
580
225
562
703
561
52
604
487
677
599
805
602
270
22
825
322
498
637
77
149
58
696
334
746
785
982
708
210
789
825
517
520
440
373
147
122
328
736
434
236
88
371
220
62
598
802
736
767
999
734
934
299
643
173
421
638
636
496
786
178
118
686
410
992
840
747
384
740
572
951
588
203
184
566
362
980
334
165
26
700
24
586
832
587
273
698
518
930
299
783
941
56
259
853
430
225
873
377
842
462
186
481
803
435
458
938
483
706
133
631
80
49
728
904
496
910
437
780
730
7
766
57
159
225
610
131
135
399
752
923
657
472
957
13
69
283
57
44
282
36
261
275
247
275
907
787
249
975
272
371
760
429
450
845
777
268
65
156
488
853
33
46
62
620
907
562
139
346
532
315
411
772
347
86
900
237
21
733
664
548
964
128
560
883
937
393
52
828
419
788
260
625
731
494
982
980
256
145
654
725
198
191
565
338
464
309
972
947
609
968
349
183
114
22
151
720
225
418
251
88
851
684
561
545
523
981
114
227
860
404
723
543
67
792
708
549
544
613
81
226
458
847
485
429
165
141
946
664
850
216
669
97
462
862
412
460
651
750
545
290
62
787
513
112
807
356
459
979
52
794
787
497
201
340
258
873
164
545
330
759
757
754
519
17
205
126
878
660
880
161
871
255
239
947
451
560
985
751
772
558
27
553
65
94
464
344
910
282
539
391
498
799
105
372
657
452
822
397
380
93
776
441
965
195
203
186
523
94
287
357
793
758
578
276
635
312
798
643
396
196
916
897
533
520
158
448
696
558
794
166
317
614
858
363
907
898
277
169
984
507
140
598
202
33
184
364
894
733
654
821
152
313
440
799
615
968
83
857
883
117
804
740
505
319
968
989
418
485
985
122
668
725
635
323
166
998
882
980
427
656
162
129
12
687
560
93
527
29
720
823
891
209
79
379
732
974
187
337
859
296
819
919
541
110
710
760
314
989
471
902
822
652
459
314
358
254
494
820
829
880
335
525
173
244
712
113
826
87
100
719
240
420
142
906
348
740
450
191
749
614
651
435
621
577
352
738
842
807
471
844
980
254
634
31
126
740
676
106
325
315
687
3
69
682
175
167
856
655
227
992
837
72
279
77
643
340
694
867
513
215
305
360
212
68
33
763
304
408
653
760
939
904
872
232
766
808
789
59
665
899
260
651
908
875
671
0
561
169
111
390
447
379
460
226
865
381
547
128
380
413
977
803
110
479
422
18
42
421
740
27
918
967
280
127
859
708
292
973
911
826
754
700
805
840
18
982
963
621
727
559
305
628
830
533
281
635
873
450
112
218
704
120
541
68
96
263
242
46
12
567
469
284
301
825
598
74
297
226
300
730
743
599
48
64
903
878
853
878
668
330
593
340
893
990
185
626
79
531
239
838
795
285
34
429
583
268
996
789
856
573
521
659
63
252
832
220
599
488
115
738
93
525
910
32
669
869
830
64
879
956
572
25
517
695
430
82
317
911
435
464
774
137
602
341
893
164
443
170
607
949
631
445
592
789
703
640
237
677
512
131
104
234
384
787
488
971
652
262
951
271
601
473
744
984
506
269
634
407
71
892
254
2
362
39
472
604
45
908
140
239
277
470
972
450
331
473
482
623
196
470
611
447
280
474
207
591
517
537
5
854
7
49
219
834
36
844
108
285
339
463
803
438
572
218
513
397
293
44
932
278
397
817
87
284
617
819
113
532
345
880
507
575
875
29
494
676
702
44
993
451
131
930
275
165
394
390
422
730
411
883
908
671
714
258
608
675
309
297
824
719
956
954
822
722
1
863
637
2
51
718
257
830
59
40
604
872
687
256
114
665
384
801
456
663
369
92
121
596
419
550
751
901
71
404
80
321
355
750
942
413
669
646
679
647
362
888
594
599
10
502
636
139
914
115
613
154
874
172
724
638
120
741
903
530
66
829
534
992
142
820
11
695
422
533
295
449
486
84
577
399
43
911
123
808
559
216
343
467
729
817
652
67
846
387
693
852
430
404
673
77
275
543
306
862
789
590
446
226
799
384
823
450
858
579
917
760
431
98
319
890
582
12
371
370
601
27
706
393
689
526
374
512
167
165
430
646
142
44
890
762
346
947
154
340
25
517
646
379
637
6
340
386
71
792
410
596
311
101
677
847
606
531
364
842
218
580
989
560
454
105
688
167
140
972
486
228
27
978
505
532
964
135
384
99
39
209
30
926
388
414
160
395
23
313
756
147
458
488
289
130
900
836
116
370
956
375
314
474
889
444
603
995
827
545
984
88
288
607
962
151
389
30
385
971
340
774
541
981
154
478
554
532
542
168
762
247
834
839
440
356
302
827
259
709
194
177
57
507
342
678
270
235
967
831
558
545
347
165
581
583
139
1000
444
150
626
817
489
207
402
783
994
735
881
300
624
326
569
793
621
461
201
731
395
148
39
853
476
711
543
907
227
132
964
593
910
599
722
353
533
458
870
38
130
746
791
549
124
57
795
681
276
467
877
34
944
970
148
950
463
513
981
93
483
755
864
492
589
302
375
491
286
522
203
563
762
441
386
606
511
919
492
362
577
726
866
895
981
456
407
443
828
602
765
591
574
807
957
476
200
997
109
59
854
3
439
640
847
298
893
240
62
312
884
256
448
30
510
972
627
220
927
734
19
763
477
930
688
30
723
872
693
527
134
633
299
645
359
820
805
333
279
733
210
529
958
794
8
991
998
200
677
995
829
89
294
2
14
44
738
342
834
633
741
69
142
5
754
938
769
822
659
809
766
885
846
700
614
104
88
399
488
723
77
280
407
688
407
24
66
306
349
549
111
632
809
577
948
698
72
6
956
101
523
869
299
682
76
113
501
842
795
242
707
478
50
145
72
710
403
667
295
211
232
864
281
401
804
292
930
152
405
266
907
22
321
583
476
843
226
549
641
219
979
33
604
214
358
416
648
760
123
188
889
720
503
867
449
454
586
822
625
555
71
637
683
526
242
463
714
234
823
303
804
290
553
563
520
120
143
917
776
721
271
401
497
158
284
882
133
824
630
722
54
271
749
402
317
102
0
189
511
783
46
715
276
594
707
896
62
583
840
467
3
340
247
941
741
82
316
931
101
827
360
130
270
565
843
867
313
572
789
908
892
943
434
422
910
377
377
937
965
675
89
116
687
42
494
565
388
931
633
845
704
676
4
139
167
254
713
876
667
182
967
278
761
129
951
676
703
944
298
269
105
475
782
634
644
1000
48
104
360
499
957
385
500
866
433
476
458
111
209
635
369
771
370
2
52
859
768
186
416
552
823
416
851
720
212
371
658
870
472
731
881
648
215
797
678
754
608
35
295
395
136
931
652
125
739
737
315
975
645
52
395
682
713
468
199
579
891
85
287
43
368
667
58
824
111
782
516
544
267
99
836
688
14
242
379
911
337
839
19
710
124
949
414
31
493
736
404
330
531
906
595
266
9
725
464
878
964
41
519
398
678
763
312
455
774
267
773
220
521
131
976
857
125
575
16
76
770
382
807
368
120
181
265
435
17
332
293
342
773
739
518
223
348
642
372
571
1
568
300
663
647
548
975
880
847
676
23
547
899
830
783
606
781
291
458
207
398
152
303
900
65
710
228
938
246
603
484
473
748
59
474
672
57
582
958
991
943
239
785
531
992
651
545
645
963
561
75
777
366
205
225
726
196
620
140
896
623
848
782
315
578
276
147
982
811
527
636
907
388
164
674
643
260
810
345
948
918
337
290
725
470
539
891
60
708
690
62
690
147
931
7
497
631
230
448
44
134
416
958
302
530
761
242
354
501
950
680
963
76
621
274
929
807
761
460
547
547
180
433
459
43
561
165
864
445
481
209
898
50
675
844
137
982
995
793
527
854
392
242
659
961
109
197
637
952
498
995
407
712
953
982
523
570
219
259
459
437
920
594
176
73
214
622
13
982
14
190
830
793
732
908
355
944
699
961
395
521
953
978
968
758
393
161
855
477
773
719
310
247
232
641
458
667
782
162
961
565
764
772
856
499
603
12
836
9
785
357
377
927
552
228
805
634
46
222
808
321
178
848
515
729
809
95
254
429
246
29
403
481
895
663
0
118
902
289
153
398
991
920
955
994
495
44
513
761
482
372
636
392
90
755
32
919
57
951
444
577
275
357
622
788
993
251
386
564
574
358
416
657
848
240
903
191
878
919
975
101
27
506
840
221
752
38
228
36
957
175
148
867
680
282
225
951
431
582
719
437
563
580
427
517
326
759
840
282
143
353
430
894
904
947
846
893
401
419
763
781
823
476
889
498
545
204
204
591
255
186
295
331
594
855
32
207
636
71
364
69
295
941
880
507
460
409
95
811
827
836
47
332
727
694
774
771
352
655
825
151
516
876
463
539
45
282
290
425
931
37
392
127
547
766
532
0
591
416
61
523
362
54
723
974
200
226
203
304
10
304
437
230
883
1
51
730
191
967
310
224
732
663
641
742
416
849
759
423
610
303
896
325
818
713
253
817
271
181
125
371
337
902
1000
807
406
985
220
755
763
393
543
591
149
661
381
78
414
545
754
710
20
167
269
781
518
584
269
953
629
42
482
265
362
602
950
296
632
715
130
759
560
102
781
514
709
509
172
369
973
933
449
828
159
697
180
715
98
462
804
921
122
695
125
729
851
862
344
274
30
807
51
195
142
345
213
335
665
979
157
857
118
701
765
727
671
562
435
948
549
496
312
380
482
163
507
786
387
735
907
384
16
25
782
839
124
11
798
704
616
971
844
438
97
235
559
705
501
817
706
546
534
968
541
51
430
505
309
719
482
863
118
179
962
800
715
553
953
396
226
131
880
866
809
157
677
310
625
290
316
872
817
673
502
797
70
250
313
625
936
572
851
833
982
906
628
12
247
674
162
51
187
549
19
287
391
307
191
353
412
621
935
334
430
733
878
404
606
68
247
784
356
286
84
433
333
686
678
332
72
56
205
374
381
945
983
642
785
672
734
632
116
199
781
418
786
751
601
101
991
278
325
276
942
432
915
981
11
67
450
519
978
179
103
971
548
113
979
404
556
738
190
705
582
423
204
346
520
398
74
264
606
205
517
483
740
268
631
287
550
657
690
969
144
604
595
77
172
75
926
952
68
297
430
92
696
599
458
624
92
649
553
267
642
15
704
965
373
251
564
676
451
707
672
610
584
313
526
271
249
598
2
866
174
947
117
106
449
154
612
945
213
737
939
883
6
202
773
588
625
701
373
680
50
408
628
15
385
583
937
253
542
450
940
958
220
399
726
840
617
188
740
673
214
977
665
101
498
8
743
434
327
92
890
749
84
915
807
434
862
258
818
434
513
724
438
9
997
590
229
613
547
638
671
242
701
714
204
91
654
199
819
878
50
739
912
13
29
248
356
214
15
271
77
247
912
62
355
459
425
733
215
607
597
673
595
81
372
952
333
839
885
805
383
823
493
933
283
544
787
200
397
617
514
743
253
738
988
521
291
68
771
371
427
921
206
585
800
538
333
269
866
368
916
896
860
667
35
788
788
454
411
630
874
248
638
706
834
428
499
442
535
649
144
937
784
64
419
825
500
292
785
444
599
21
201
301
590
503
408
56
469
491
28
928
210
105
281
765
713
410
11
655
409
260
924
159
111
160
516
70
787
185
943
664
747
882
721
814
827
685
446
110
806
289
7
310
925
250
443
515
553
536
255
357
743
354
76
829
873
790
828
308
216
914
810
953
787
327
632
354
373
506
271
942
232
877
318
102
904
393
77
553
829
503
349
194
522
859
795
677
885
838
345
859
462
749
414
439
13
611
296
160
459
674
411
179
722
694
385
229
489
117
430
165
741
1
863
719
532
733
790
515
297
161
541
83
345
19
414
165
733
891
882
241
121
354
635
105
582
222
118
519
212
608
311
245
167
57
243
391
267
234
336
219
750
960
572
616
987
557
415
416
754
429
872
541
679
697
412
702
754
171
203
500
327
412
547
871
575
632
22
533
946
115
697
606
496
117
934
337
439
142
981
692
512
206
114
392
765
896
679
204
773
508
952
419
777
18
611
793
858
69
673
474
408
561
886
629
222
689
715
253
882
9
732
724
697
536
753
836
465
822
875
844
203
485
127
333
285
792
532
451
511
183
821
855
404
883
484
466
13
75
410
388
648
804
15
902
281
203
208
67
42
878
479
389
181
542
743
969
848
66
546
648
982
74
450
375
513
804
990
