500
1000
970
843
775
450
940
395
895
927
598
727
922
326
88
571
196
521
45
962
325
845
389
748
271
540
829
587
357
966
281
607
543
276
141
296
802
165
74
15
987
423
773
395
198
293
5
14
816
199
707
712
729
790
772
606
74
927
358
651
115
915
863
850
623
449
331
95
63
371
311
669
325
666
730
591
638
274
888
561
472
383
119
972
713
849
761
722
561
236
771
256
494
40
523
711
427
111
25
439
107
201
31
896
637
475
314
563
509
696
908
139
249
605
410
540
756
203
229
943
77
599
290
695
161
881
930
624
808
295
634
105
872
456
804
218
186
416
893
884
539
324
808
122
896
356
318
907
110
272
228
648
427
0
818
352
861
305
6
164
511
534
417
485
222
693
119
269
337
244
943
168
323
218
519
558
703
404
363
64
972
254
963
247
252
697
497
712
301
148
285
998
36
267
610
977
503
411
51
33
278
345
909
634
239
681
145
531
489
448
986
553
242
593
672
80
762
370
237
242
728
803
368
470
632
984
634
399
536
817
90
799
836
150
321
508
186
696
40
859
591
326
678
220
16
711
512
810
226
349
645
96
174
941
691
397
387
518
937
838
137
676
341
735
113
209
925
541
878
696
258
228
660
175
818
983
555
517
530
261
242
997
93
966
898
558
901
883
633
188
339
279
349
701
726
847
898
857
887
404
780
888
642
851
84
936
161
786
899
669
607
581
9
372
101
941
664
974
5
284
160
305
549
486
692
448
652
995
224
176
712
18
237
494
325
179
747
366
650
744
850
721
658
308
568
543
93
509
368
636
265
250
244
590
973
979
393
487
892
907
631
434
795
350
503
645
577
669
493
865
195
230
723
499
281
572
24
769
646
43
177
995
941
470
954
279
915
884
370
748
15
954
929
331
428
553
967
572
964
981
853
75
294
306
385
191
851
268
317
485
169
373
557
395
937
845
696
930
570
70
97
209
615
671
991
359
140
254
518
295
878
322
741
849
697
136
703
709
359
553
293
296
810
420
810
256
867
612
914
81
511
5
502
628
799
194
650
71
702
397
796
50
890
887
338
27
375
579
94
438
578
672
35
328
466
155
543
982
286
839
591
861
30
250
37
38
823
303
360
537
127
326
522
828
770
271
216
966
623
457
85
842
