1000
1000
51
194
531
411
541
700
638
138
726
132
976
970
516
715
323
41
795
399
271
433
439
744
78
251
25
184
963
80
836
428
696
689
409
58
173
916
156
442
250
240
549
93
715
183
660
935
280
638
955
517
738
657
554
436
612
730
420
47
247
566
356
158
758
120
14
342
116
91
46
94
40
311
856
980
704
175
474
17
97
764
492
807
473
346
173
465
434
650
398
48
616
950
635
887
45
261
374
15
626
934
503
501
857
539
659
684
163
616
70
944
643
945
26
868
586
637
941
801
576
677
388
573
643
128
458
812
546
821
942
626
386
821
962
652
906
206
195
274
69
214
100
377
18
39
94
618
683
336
71
656
319
385
845
682
23
340
815
260
282
496
118
693
697
348
629
937
878
39
735
418
804
968
282
548
177
423
751
569
807
576
991
732
413
127
372
250
777
581
341
867
931
562
859
238
429
680
751
740
755
238
103
378
903
534
505
497
827
390
320
297
896
100
389
53
10
959
906
847
91
355
319
957
951
677
951
483
574
493
632
83
448
91
293
603
328
554
673
212
753
947
792
782
790
113
91
931
494
975
57
996
550
55
441
737
888
546
351
706
117
969
143
688
762
837
618
867
101
839
84
426
701
222
72
397
822
892
706
146
81
513
84
233
987
581
374
864
371
881
813
236
948
908
986
592
754
350
376
708
83
482
777
378
558
705
424
248
907
330
111
434
493
253
11
405
469
572
56
741
118
767
117
823
649
744
746
681
583
237
963
400
375
478
285
82
869
528
223
436
964
802
12
978
970
556
43
323
892
43
528
925
993
920
73
253
554
696
970
75
523
166
630
217
696
294
454
996
628
697
584
384
902
737
45
916
281
959
951
57
891
394
456
106
620
335
277
169
188
647
464
388
353
229
584
266
77
360
975
260
987
453
698
32
536
280
309
411
814
603
685
271
162
133
911
76
823
941
950
417
726
581
614
920
418
82
933
877
866
552
45
164
26
411
376
778
811
480
988
986
150
377
594
750
381
393
970
829
842
569
839
63
469
36
415
133
273
13
56
75
865
692
813
534
1000
750
997
914
555
585
769
726
945
757
850
378
247
241
450
205
129
251
955
275
606
207
228
879
672
757
618
46
358
268
113
22
672
498
520
476
773
832
520
308
853
817
552
968
561
88
877
792
403
590
134
480
28
420
755
785
620
640
704
805
213
904
136
617
14
981
350
608
590
637
392
555
437
91
905
727
348
547
514
451
784
911
396
298
622
524
863
698
950
797
147
459
927
842
492
769
258
66
459
45
981
621
493
347
329
209
634
580
240
341
75
537
129
460
128
585
152
400
138
698
641
180
182
697
346
412
897
875
474
515
668
974
172
602
192
224
40
822
169
345
278
347
177
31
88
549
120
534
461
356
206
895
364
128
503
330
691
321
39
92
800
481
628
688
81
512
874
157
921
377
61
2
277
869
807
84
749
597
184
987
209
537
370
924
485
236
618
760
369
531
462
721
748
62
36
147
252
133
714
687
896
845
512
750
532
30
107
868
447
354
533
397
242
104
269
738
377
182
20
564
322
841
211
89
327
535
119
233
891
343
594
474
679
355
789
649
498
480
87
584
537
737
587
558
746
587
432
565
127
379
284
337
363
900
646
608
571
244
356
498
987
330
606
934
237
7
101
225
153
365
246
488
160
851
186
87
285
806
173
55
897
843
80
51
525
18
410
697
983
998
112
897
398
576
970
918
866
5
817
976
258
491
171
723
669
821
930
719
557
535
572
477
280
839
770
205
187
968
324
711
425
199
508
736
242
530
114
707
611
768
288
87
581
506
154
932
481
320
533
594
51
369
336
454
134
549
63
549
990
201
322
685
810
87
254
138
682
2
760
116
596
473
472
606
412
795
349
106
930
851
831
746
965
408
124
933
731
991
939
205
181
379
66
927
741
722
575
48
842
782
139
828
796
751
201
800
163
825
164
186
815
235
665
634
523
908
359
316
878
588
392
683
817
452
439
714
377
900
463
624
301
540
748
439
503
578
232
355
900
391
384
532
544
66
907
229
624
543
117
431
940
333
628
731
335
694
139
166
794
879
620
495
533
742
894
573
789
998
151
753
312
707
248
779
744
143
33
204
570
714
763
494
877
755
342
103
822
537
110
379
847
457
127
604
397
502
798
540
150
486
229
409
722
772
720
12
641
599
694
566
543
716
252
599
346
827
181
960
909
342
583
227
401
424
462
288
948
615
153
912
586
139
506
100
612
256
18
726
872
593
933
102
565
919
697
790
923
23
