10000
1000
433
231
998
943
559
42
321
446
220
70
350
729
372
609
68
707
369
374
464
369
723
45
657
350
709
930
8
379
217
832
662
843
484
373
5
632
805
95
773
103
548
48
66
581
767
426
584
548
782
521
752
350
803
678
518
759
140
14
671
207
621
713
742
387
170
663
195
347
891
391
750
158
909
258
759
606
597
433
654
775
890
853
579
542
633
759
156
307
474
415
717
713
271
386
202
589
314
185
241
600
215
862
425
869
908
725
507
746
188
558
77
585
696
133
383
444
822
451
660
959
797
431
272
549
693
533
264
637
940
748
637
225
324
529
269
826
191
463
695
278
218
655
595
824
264
63
662
777
815
822
778
461
761
984
187
787
88
774
699
748
368
150
432
217
31
464
259
264
33
415
880
889
243
825
557
630
39
858
667
784
323
429
898
201
889
514
325
736
901
436
997
667
826
94
845
748
249
813
577
707
67
968
95
827
999
903
326
934
748
802
807
674
858
5
998
466
241
571
40
304
411
318
130
962
22
892
360
850
784
406
566
13
313
80
654
312
232
15
14
17
765
917
624
706
763
309
38
132
837
512
620
5
563
939
625
415
865
402
587
390
581
69
991
638
757
733
442
676
708
138
389
579
229
570
597
869
929
379
930
371
342
619
528
633
211
469
996
443
982
494
650
861
805
461
715
940
593
504
53
950
455
833
675
362
678
864
373
110
942
925
167
632
500
54
691
644
697
975
649
69
275
555
156
748
636
811
599
414
179
204
705
42
455
580
668
453
838
949
169
60
19
686
779
24
610
171
700
454
838
455
803
686
961
911
536
639
488
954
402
882
153
585
573
834
277
643
922
78
583
741
593
95
355
594
52
703
31
66
423
231
84
916
607
616
881
246
883
691
659
597
211
502
863
977
886
684
196
375
738
800
286
885
803
125
998
200
30
216
898
691
623
603
974
619
465
941
848
776
62
128
335
347
67
435
976
396
817
669
853
892
938
306
85
552
385
790
71
416
211
168
229
475
469
55
268
943
101
74
167
438
147
530
974
986
760
166
968
114
440
8
278
155
799
207
326
631
299
219
232
20
129
827
256
365
355
354
674
302
62
976
210
170
809
899
147
777
342
76
865
987
155
271
82
98
485
830
302
707
563
617
804
156
137
478
581
781
506
303
144
312
624
3
273
174
488
876
82
442
460
985
306
396
823
715
57
282
419
364
458
190
725
347
574
547
667
992
777
664
863
199
314
45
538
126
840
563
990
765
890
941
371
15
195
523
489
471
742
656
493
560
483
687
839
658
361
117
860
800
407
123
328
699
454
416
763
514
126
904
196
890
952
818
175
510
568
736
579
513
490
870
645
403
230
971
553
933
372
742
662
279
141
131
571
855
185
165
278
855
218
491
183
406
826
904
285
604
928
577
970
559
571
371
143
786
374
253
798
939
367
894
87
337
557
730
845
573
796
337
175
989
673
25
220
252
218
520
874
522
249
589
263
752
0
624
871
600
793
53
627
376
751
232
152
265
458
554
351
199
93
294
486
237
921
949
40
945
291
610
207
925
238
786
909
590
468
6
466
773
761
703
154
615
487
761
430
513
597
704
1000
936
770
376
398
708
828
476
170
675
30
763
204
45
340
647
511
226
615
670
911
468
510
774
501
123
50
626
34
278
551
853
438
929
840
997
160
796
24
754
449
215
237
336
49
466
725
774
111
915
608
189
281
923
173
696
380
611
802
200
392
55
751
569
125
652
773
210
237
557
678
857
566
835
930
928
387
366
66
318
19
750
827
431
525
87
776
283
234
419
345
292
30
332
962
294
668
41
934
637
265
597
612
654
679
192
317
295
848
620
948
600
885
506
739
350
277
913
281
340
964
456
10
678
716
543
706
347
623
436
991
795
312
278
340
142
79
313
443
850
261
89
343
992
835
541
936
985
185
939
372
453
929
198
61
165
92
240
162
710
595
273
150
341
969
449
447
914
502
189
246
5
471
60
662
905
751
648
754
273
578
177
905
294
818
114
757
942
55
784
6
462
212
865
664
249
411
717
402
856
885
357
896
758
910
295
314
299
691
107
271
440
190
730
184
941
342
604
430
863
831
823
120
173
735
486
531
117
288
682
493
950
300
137
596
734
434
632
164
584
116
390
547
355
903
45
344
218
733
15
659
581
932
105
821
873
567
523
657
700
899
411
399
561
327
943
10
82
827
254
801
780
104
98
577
75
464
361
118
92
981
585
214
226
67
896
595
784
739
700
32
617
659
864
532
223
103
873
172
790
568
748
296
561
939
246
819
423
984
794
259
31
970
782
431
240
347
144
50
115
52
27
692
524
458
218
226
990
614
575
253
138
578
689
359
898
824
745
821
76
477
896
351
794
362
158
806
51
328
557
209
156
84
835
467
358
482
913
841
566
221
182
381
139
809
577
824
762
384
782
459
276
303
204
933
16
118
679
934
76
684
421
532
602
32
938
476
312
408
250
161
654
657
619
972
332
562
929
715
845
68
224
418
239
116
512
613
774
939
44
662
694
76
648
355
231
551
682
403
941
834
46
815
319
612
438
373
900
255
963
105
444
355
750
413
532
676
538
658
278
70
217
395
288
181
556
156
29
828
908
41
156
419
220
168
518
880
710
557
95
231
318
502
969
732
262
959
313
220
837
887
50
935
465
917
379
636
316
630
285
403
91
753
315
531
43
678
781
428
398
732
444
825
894
146
658
833
8
540
944
845
237
431
107
379
768
915
500
251
434
845
249
484
548
514
274
308
902
573
215
325
885
39
559
272
829
6
713
979
697
966
324
395
234
729
211
346
858
671
821
806
441
947
132
400
382
784
619
266
454
991
780
25
998
604
191
660
460
688
431
120
304
939
198
181
65
623
888
222
420
307
497
547
917
417
777
160
130
171
565
418
442
758
798
898
724
84
691
393
340
100
805
16
52
662
159
603
335
163
76
234
235
23
830
835
949
975
304
135
264
231
280
869
277
927
35
420
927
50
213
39
420
574
9
393
858
28
731
583
947
11
782
788
314
306
248
40
698
588
364
398
566
974
6
544
61
275
535
710
566
271
752
905
132
375
513
550
194
50
93
426
410
833
163
806
222
224
317
226
259
818
87
931
90
95
193
450
50
337
627
871
287
83
280
211
332
753
663
51
871
493
759
442
728
334
484
394
694
530
553
161
216
572
208
806
296
760
911
154
547
149
734
268
346
361
408
408
125
680
171
56
828
34
585
392
337
697
803
193
246
642
977
260
345
886
337
896
312
297
122
230
111
411
648
240
875
673
791
826
141
673
546
825
105
397
45
156
657
738
535
360
82
671
34
270
990
81
30
993
444
156
505
989
117
978
169
794
352
660
762
578
507
866
638
289
986
468
768
620
434
411
446
427
619
330
666
564
501
851
645
201
23
935
430
689
279
824
129
556
99
780
603
16
524
819
253
40
471
890
492
992
195
294
652
210
781
766
792
253
603
866
512
102
61
126
288
980
93
674
964
847
135
324
151
677
890
594
944
603
766
683
5
575
1
429
378
276
143
769
18
226
464
693
944
233
324
625
661
747
652
218
251
60
651
131
212
606
122
850
702
45
113
734
997
341
183
479
594
929
411
332
126
465
27
13
623
81
807
258
842
27
483
632
778
426
673
548
724
174
493
296
634
664
806
966
398
50
806
891
592
577
166
564
24
500
363
69
547
89
840
601
127
341
801
918
863
406
150
143
852
715
992
293
727
525
785
698
995
901
606
792
308
677
838
680
615
946
581
296
253
1
757
272
81
218
925
662
326
634
127
594
442
16
42
729
685
323
903
665
838
557
127
343
126
134
814
94
925
832
461
919
499
650
318
103
895
402
645
729
288
780
299
118
892
0
13
712
323
356
554
254
148
12
92
540
816
852
895
958
824
566
899
514
553
85
813
549
384
380
666
607
989
389
225
240
390
95
480
315
138
96
81
177
830
988
977
444
405
532
87
874
65
996
892
583
464
813
320
327
476
306
318
403
489
673
860
682
592
315
695
133
365
633
739
128
667
579
119
694
573
701
257
754
804
873
426
500
995
730
92
619
781
186
674
25
768
284
307
443
492
617
797
850
232
196
226
125
551
964
524
108
282
478
298
586
278
541
772
86
652
57
833
105
976
586
474
544
66
233
48
638
295
820
933
41
523
498
272
689
399
252
599
308
653
614
154
898
978
810
545
583
135
730
894
365
74
641
908
466
997
190
701
702
771
557
337
358
942
912
530
20
733
316
925
56
976
767
834
702
303
331
967
676
628
396
931
757
676
454
307
412
370
935
551
251
790
120
318
585
580
970
345
378
816
62
467
339
76
506
166
162
61
658
499
998
106
452
114
355
941
401
873
115
452
884
986
415
0
387
614
660
617
442
457
648
397
61
455
814
415
941
731
649
135
955
197
151
180
477
262
602
525
582
111
401
869
338
297
126
162
392
676
162
38
735
620
209
698
58
215
552
42
595
364
872
98
577
116
345
254
803
295
540
530
79
679
566
593
908
148
396
172
296
879
143
558
151
870
433
371
596
615
80
524
940
319
755
470
587
502
829
200
80
315
477
792
630
916
829
360
784
307
277
195
941
679
124
323
876
988
971
326
177
394
722
603
40
802
405
469
516
423
581
996
936
10
672
895
481
149
810
786
951
618
22
342
983
874
86
12
815
226
280
567
132
351
440
610
644
24
381
116
54
127
600
189
903
459
383
752
216
906
443
836
48
197
821
441
827
199
588
264
353
504
800
68
555
218
826
936
632
466
785
445
599
14
414
247
958
867
541
164
605
415
220
14
626
478
572
21
185
820
59
825
604
788
764
283
523
838
226
543
667
374
80
625
442
12
163
143
184
743
202
244
387
598
51
385
398
855
512
953
483
884
383
270
839
194
145
474
506
7
62
25
71
553
574
520
566
995
878
202
558
258
960
113
48
918
98
778
44
823
185
903
541
525
646
451
45
330
946
589
843
454
296
452
77
937
170
985
127
797
123
757
519
681
246
166
358
59
990
691
684
729
949
47
142
928
382
91
555
286
76
673
4
170
671
55
642
331
411
766
490
414
415
653
24
580
335
22
177
989
98
41
957
968
599
550
729
964
315
114
393
490
237
169
97
51
179
618
798
207
678
588
547
112
475
332
923
782
72
437
280
628
350
648
783
844
993
325
240
687
875
962
831
730
224
490
399
631
410
740
979
612
181
16
799
194
334
811
731
272
420
732
578
372
833
522
804
68
867
181
59
958
692
891
140
652
416
460
549
676
403
619
520
569
997
59
135
633
676
769
396
995
133
11
158
730
950
572
880
434
907
127
992
409
208
354
355
303
669
731
484
701
418
589
358
939
594
350
576
244
161
656
472
199
554
315
570
224
210
69
743
828
25
254
355
473
780
43
564
700
261
330
695
745
567
412
797
195
735
513
610
130
488
440
133
317
261
912
419
60
599
694
514
182
288
319
6
415
496
908
285
242
735
91
23
319
585
104
942
128
174
574
472
60
91
30
626
715
551
362
407
125
521
253
897
642
196
275
22
495
862
121
577
588
891
316
597
627
810
809
430
612
750
296
913
255
572
327
180
164
269
181
198
791
247
385
306
436
555
594
588
590
426
67
616
832
81
177
87
723
172
773
518
715
214
579
283
14
400
360
812
605
13
387
650
864
669
309
799
293
933
266
20
333
153
557
887
707
458
663
565
808
663
886
679
816
932
18
997
736
720
208
287
133
880
639
49
320
231
57
898
137
256
0
220
904
138
24
859
209
500
416
675
356
239
912
758
40
760
512
312
681
411
932
209
620
977
804
646
83
935
386
303
374
782
887
766
151
692
152
966
328
393
54
130
182
672
966
730
428
575
632
207
726
504
367
312
147
427
206
645
313
745
636
232
398
405
6
269
523
198
922
784
812
910
826
370
795
752
324
897
765
846
143
182
658
957
642
377
25
339
788
62
904
486
267
109
813
248
82
317
600
809
486
876
546
302
927
859
872
858
785
765
273
146
912
691
97
945
854
683
328
331
53
501
670
646
231
511
243
120
306
312
63
803
177
862
5
137
445
953
84
329
683
662
235
752
944
812
872
946
289
313
783
859
804
131
987
705
598
742
82
678
647
252
625
873
638
169
307
53
860
718
960
475
217
849
88
383
194
168
821
837
677
549
636
189
402
721
578
511
308
604
477
461
793
829
982
830
933
710
934
105
402
839
469
671
706
697
923
363
142
880
304
726
139
112
612
408
306
887
326
47
70
962
350
679
863
632
233
270
695
249
630
943
864
298
132
776
978
393
583
139
996
10
912
544
221
976
56
369
255
357
528
344
171
521
167
441
463
880
33
506
122
508
416
138
63
983
397
250
474
73
451
663
870
595
530
415
468
422
411
785
818
195
895
821
854
649
674
419
137
458
277
256
46
752
931
513
661
321
747
596
311
996
846
435
259
921
1
345
376
54
571
204
479
419
862
219
105
0
554
915
513
844
281
743
823
167
753
120
733
67
877
724
723
929
232
430
706
119
308
512
242
349
73
375
744
621
711
719
234
110
750
35
918
995
108
232
232
53
751
190
274
38
625
392
81
803
452
341
739
444
687
676
815
509
878
862
773
866
672
9
31
778
535
461
37
989
808
483
321
987
562
755
279
248
783
538
887
993
399
858
863
97
267
707
535
345
859
6
326
403
954
234
122
819
18
337
905
828
68
0
992
308
952
241
137
233
538
68
185
187
428
556
61
291
224
417
363
377
439
876
978
906
808
493
738
330
537
106
840
954
339
60
709
297
994
298
314
320
674
164
845
783
916
122
718
635
283
123
326
70
20
910
761
190
42
822
865
545
118
77
172
956
477
247
738
860
139
168
440
854
483
13
212
512
115
770
837
935
502
910
14
820
803
889
981
199
606
284
504
289
879
377
953
393
755
545
445
160
592
691
701
167
194
310
447
503
830
797
655
740
411
646
664
155
118
547
401
87
793
377
220
413
186
39
951
274
210
956
261
954
970
352
735
43
700
179
853
392
115
948
706
141
504
764
829
108
508
982
620
381
478
776
478
342
768
628
629
192
633
146
450
939
531
918
746
888
826
626
697
809
924
69
821
335
562
314
672
636
927
356
619
148
825
597
689
815
552
382
242
132
426
196
968
237
658
300
564
643
933
601
587
696
526
362
760
824
713
204
193
469
471
801
472
180
378
109
517
884
413
343
199
684
412
25
72
690
576
316
854
55
726
610
360
241
87
387
202
80
546
147
207
298
544
89
231
911
849
6
397
484
245
123
813
307
343
926
111
161
570
966
582
206
715
742
240
547
444
885
282
554
81
535
877
195
729
166
301
917
599
328
201
372
891
760
115
339
3
953
502
738
583
598
579
881
54
49
314
257
499
465
216
227
873
744
87
920
487
424
692
342
262
962
624
445
830
489
190
352
918
910
554
569
299
762
431
812
312
342
725
434
797
849
833
363
986
794
792
941
601
623
339
742
545
805
41
845
745
395
446
51
20
402
62
674
387
450
584
749
464
357
619
635
480
186
662
750
219
546
112
204
597
292
485
749
26
483
380
216
106
968
531
715
396
958
613
427
806
475
299
898
963
525
536
707
618
252
681
447
667
123
511
206
429
0
53
39
22
978
358
242
333
663
388
839
138
551
738
153
857
728
939
600
492
731
701
770
856
976
418
574
309
341
937
649
516
68
497
898
178
119
108
328
842
816
614
597
326
394
191
473
556
855
584
340
207
870
852
88
84
777
356
848
681
181
274
430
828
165
740
707
789
535
119
635
140
196
286
211
518
41
748
322
837
560
705
858
929
667
739
435
306
954
265
719
696
931
193
528
92
259
532
52
822
726
101
121
792
303
812
533
482
564
57
601
174
166
708
380
712
617
899
970
583
728
124
923
121
762
721
592
183
192
328
667
487
624
24
603
249
490
408
529
279
334
136
519
728
197
813
805
257
185
775
85
385
436
507
658
856
438
750
277
805
558
136
347
69
933
894
923
388
502
288
328
725
737
837
36
863
475
316
336
853
921
40
12
49
553
624
741
63
485
324
85
673
973
337
518
179
614
281
236
458
483
475
429
783
74
750
106
457
838
846
240
114
195
255
505
828
769
378
62
982
577
466
119
792
36
402
52
425
834
383
118
719
45
548
438
944
844
251
262
100
422
393
39
617
449
861
578
346
571
654
332
350
315
617
106
885
367
231
99
404
767
994
967
869
971
565
865
517
601
284
701
517
285
849
631
685
456
290
482
201
758
265
282
169
318
95
925
419
56
113
486
172
913
547
610
164
546
63
249
317
343
220
852
515
559
102
515
752
99
907
16
744
964
533
377
861
603
695
79
10
683
394
933
851
576
346
126
35
582
746
767
802
406
160
880
537
649
192
900
719
624
271
131
316
310
845
201
476
909
670
761
402
677
298
301
626
184
155
757
373
474
209
226
696
617
945
40
996
326
450
469
252
148
443
985
848
209
206
130
953
203
342
769
986
425
839
565
809
21
318
34
8
446
382
817
302
886
37
86
505
538
403
914
635
388
621
830
120
133
977
936
187
752
445
942
488
677
813
363
99
939
429
275
629
332
215
701
628
766
924
930
998
205
32
798
235
739
310
63
399
387
242
283
203
304
955
983
919
643
47
718
339
977
405
377
239
802
629
434
641
870
851
180
741
948
543
218
654
326
274
756
593
394
489
608
133
445
242
743
291
228
925
58
230
300
289
474
369
168
664
355
118
400
954
57
866
583
577
885
674
151
16
598
339
665
796
419
77
701
282
411
585
505
256
7
934
692
131
662
798
38
508
368
751
980
311
421
515
502
857
910
467
717
360
582
536
798
718
865
444
457
939
475
295
386
475
967
757
697
689
83
864
863
997
481
427
68
111
550
30
417
727
878
874
204
220
827
158
558
62
54
823
972
311
513
402
291
503
469
840
858
651
305
615
192
175
129
513
298
716
780
974
472
201
227
9
166
75
333
376
940
821
343
7
989
457
485
329
179
52
892
450
460
255
710
352
984
706
50
522
96
124
721
962
282
636
184
766
39
79
21
47
775
19
134
188
468
414
606
936
428
457
27
290
784
562
10
112
762
610
894
569
433
792
536
987
477
251
389
510
888
909
894
785
336
487
615
946
927
57
963
931
509
50
453
547
278
891
959
262
142
472
580
324
282
953
279
824
405
709
999
588
55
821
579
392
82
447
154
730
440
358
510
63
259
74
316
115
87
870
303
472
967
713
945
393
335
258
571
347
910
794
6
625
811
938
949
680
91
570
161
610
961
943
538
788
14
24
257
534
450
689
693
749
733
213
996
868
287
956
538
236
533
883
406
97
169
55
978
129
854
57
498
845
603
59
227
271
544
103
695
295
515
90
991
668
611
133
371
852
772
818
170
13
384
896
347
28
432
239
782
32
484
336
794
514
577
797
342
338
810
706
238
187
224
751
505
236
261
143
9
185
648
182
511
513
445
845
967
79
571
707
864
655
139
873
569
244
868
450
583
926
718
660
372
389
92
131
458
262
394
581
867
718
244
124
967
600
959
550
247
514
348
690
896
838
967
323
443
889
321
160
526
173
688
267
273
119
737
230
51
106
49
822
386
139
353
748
315
47
491
949
321
711
192
6
309
764
975
514
411
780
445
523
577
641
984
787
241
405
681
2
716
850
607
381
88
496
677
7
64
492
596
987
740
278
211
395
842
687
30
815
844
417
460
309
217
938
133
677
954
119
72
68
199
484
348
220
620
254
545
878
125
89
290
716
238
271
213
761
411
723
704
7
217
509
367
139
391
867
977
872
955
418
800
444
241
303
68
717
317
359
267
268
506
432
778
91
859
747
845
12
360
645
687
183
313
232
60
636
702
993
9
778
409
226
329
176
694
867
767
444
304
137
812
863
294
816
446
984
727
910
693
852
988
52
225
104
662
569
610
532
916
458
156
397
752
431
568
569
274
2
474
260
334
518
579
722
889
174
569
547
632
715
519
445
51
27
233
449
492
296
310
930
181
124
504
653
323
52
258
446
464
554
133
298
928
455
868
163
708
304
106
621
776
302
808
900
768
629
114
439
644
38
835
500
577
765
647
265
458
807
529
252
34
824
639
85
81
867
435
499
292
296
545
265
133
432
692
1000
795
220
163
103
104
585
145
489
878
524
528
667
467
267
106
911
650
436
868
129
829
743
626
643
75
316
112
622
49
220
257
445
135
900
260
133
385
387
943
821
610
970
835
454
711
507
112
572
736
933
275
859
639
170
341
437
998
464
263
789
279
603
931
654
24
999
697
75
726
223
837
408
975
348
976
21
65
91
822
681
646
880
647
514
128
539
650
255
983
768
912
752
439
588
39
212
362
97
827
64
702
593
459
825
55
859
427
464
469
785
929
947
641
275
311
398
525
932
66
338
973
914
360
982
478
662
355
817
683
750
662
700
716
307
268
57
315
343
125
667
656
102
39
11
598
139
870
716
891
973
449
984
459
494
77
870
671
737
822
501
244
573
421
137
839
938
877
352
243
446
551
672
192
334
101
254
912
631
821
25
760
721
48
514
844
606
438
632
342
527
547
583
91
684
757
753
583
728
186
870
188
189
184
401
57
948
588
396
841
124
17
525
49
109
573
203
820
999
327
541
349
284
596
995
274
967
26
441
735
260
626
839
581
716
742
687
675
894
206
690
352
284
126
694
129
306
676
759
859
620
963
77
628
513
184
343
105
328
813
602
579
322
618
777
782
70
703
661
835
810
56
673
748
497
851
951
286
300
641
19
314
432
958
33
33
954
580
210
166
789
712
775
176
217
235
621
494
48
915
484
211
14
144
922
759
977
501
222
912
208
146
754
646
253
233
895
156
574
684
351
594
833
755
493
309
912
448
928
405
165
985
2
292
984
295
907
354
55
565
833
252
458
916
259
265
879
896
196
103
948
657
205
907
614
168
223
969
546
453
684
946
190
677
521
301
469
188
71
304
819
93
336
144
575
104
515
423
513
796
107
141
423
130
452
644
734
197
840
97
545
167
86
924
237
822
165
354
124
656
366
537
229
677
218
683
54
629
17
266
102
39
172
456
431
891
511
570
140
833
425
992
342
163
183
692
6
674
467
980
686
986
226
687
131
243
887
799
275
107
223
781
857
911
817
383
448
631
489
430
217
438
78
310
574
762
98
937
449
941
941
174
953
875
239
738
624
253
474
67
876
268
271
913
3
633
162
721
349
257
316
720
792
28
681
375
299
627
458
146
95
823
899
235
936
652
980
405
869
596
174
107
46
16
580
910
913
269
177
820
7
1000
806
211
76
265
414
663
679
966
237
916
84
503
770
795
630
135
989
978
344
965
61
163
735
299
522
100
213
271
782
816
203
378
260
88
92
342
399
982
419
630
515
416
709
166
907
987
137
821
54
281
18
70
143
56
658
120
728
581
787
929
243
497
306
843
483
446
63
709
611
732
984
174
361
361
753
637
500
70
127
361
582
535
300
997
34
475
635
816
859
432
345
797
390
596
891
887
814
411
715
604
249
630
911
417
154
144
627
93
28
16
644
874
277
236
450
211
345
736
172
320
622
506
882
162
960
960
192
852
718
864
665
407
343
763
19
144
690
8
946
19
632
587
435
455
525
518
199
7
751
423
747
718
145
443
878
732
269
233
983
813
383
589
178
210
352
236
440
628
69
830
578
416
598
258
739
867
29
669
541
448
52
488
701
204
55
627
912
359
702
996
507
480
441
486
130
566
291
917
869
801
905
451
0
719
594
586
720
492
619
192
81
464
217
246
250
915
832
335
463
953
487
533
935
632
637
543
899
129
456
376
149
99
930
623
459
447
181
778
302
220
50
164
468
406
853
927
934
711
933
419
125
517
382
84
28
985
856
667
359
285
631
586
715
109
430
966
306
174
963
648
965
245
289
718
480
777
973
674
4
615
413
893
100
78
509
331
24
248
407
989
220
389
533
733
996
685
801
212
846
239
635
281
41
411
207
234
925
19
366
880
103
966
703
341
299
338
269
7
998
680
858
826
408
146
981
159
650
790
742
616
31
44
121
623
633
309
899
369
624
770
134
811
115
400
845
948
139
406
520
772
37
484
80
898
673
908
689
87
341
937
215
826
814
792
217
201
542
805
969
850
148
289
941
953
183
49
568
150
377
538
965
576
273
645
400
16
983
961
537
44
503
143
258
14
702
567
14
933
49
666
599
823
342
13
954
542
904
460
714
499
818
72
667
685
125
503
766
765
210
485
323
149
820
648
537
172
860
873
213
613
608
157
83
963
643
518
763
72
585
627
266
253
31
804
119
818
622
979
935
502
206
455
735
754
867
132
521
547
669
546
815
89
260
418
297
854
0
857
964
99
918
90
765
262
79
875
447
129
101
720
15
101
616
623
961
356
903
789
697
233
96
639
274
235
320
714
763
874
803
126
385
867
418
594
44
127
289
427
451
161
117
701
453
759
854
105
581
506
79
815
191
937
475
514
361
951
359
536
529
394
584
849
797
493
341
472
806
490
338
847
55
832
554
403
588
333
935
492
726
573
918
238
909
794
605
486
528
334
557
106
979
239
773
950
106
305
779
169
170
461
447
307
210
35
690
323
878
544
290
552
82
356
298
447
673
966
329
377
278
258
184
243
498
458
276
760
731
206
76
710
664
21
237
419
489
776
286
339
723
564
946
205
917
742
584
52
463
853
819
198
684
875
183
352
821
723
429
319
189
906
282
126
267
178
519
493
234
82
123
196
123
944
583
977
735
376
321
924
34
545
127
270
915
703
494
659
454
990
38
265
729
672
528
52
202
113
110
3
383
1000
837
803
866
787
603
510
728
300
115
151
588
284
667
376
200
757
881
540
195
77
313
18
621
102
638
410
700
934
112
638
850
802
533
466
471
362
982
108
741
876
118
783
757
168
95
512
27
487
404
625
994
947
175
580
673
540
173
50
725
62
505
187
680
32
203
744
746
724
996
136
666
836
493
154
924
301
15
249
730
372
889
254
61
489
450
407
204
987
567
55
650
142
302
52
460
626
279
54
369
837
159
512
886
527
10
562
883
170
572
197
331
319
723
594
508
210
499
116
110
971
389
22
241
803
15
788
360
297
89
135
257
145
92
698
101
643
199
783
1000
938
2
692
639
156
141
243
921
843
93
209
956
72
611
703
1
402
894
920
522
650
262
90
768
948
927
258
484
337
315
402
789
51
682
497
889
123
693
401
243
351
932
773
104
803
268
153
520
366
566
373
15
151
781
799
361
707
406
190
810
367
379
105
47
628
176
121
956
986
70
781
355
390
503
579
493
912
3
554
501
174
384
379
973
843
159
644
354
651
419
867
391
894
666
920
215
94
221
544
729
741
500
757
415
607
169
166
187
798
10
720
91
86
557
464
892
174
287
337
328
18
115
400
389
550
37
620
918
664
673
837
991
215
883
120
473
852
520
156
190
975
462
843
903
501
50
982
864
97
341
303
900
638
941
350
671
929
665
65
453
549
836
591
962
653
775
255
622
364
607
844
850
195
541
827
804
563
509
762
62
714
384
207
444
569
141
868
102
432
536
967
85
452
303
142
745
389
965
952
718
320
993
868
699
882
294
350
672
83
702
725
372
311
17
783
703
443
21
485
631
778
163
382
566
443
504
376
13
367
363
526
601
809
849
362
889
524
484
671
729
269
316
277
342
934
194
724
562
577
314
648
84
29
685
618
708
510
360
546
76
359
426
81
442
193
669
951
315
409
683
467
872
52
237
37
979
717
386
538
267
509
421
243
94
745
125
168
414
190
763
461
901
286
665
247
105
645
672
651
636
825
806
418
826
73
869
273
414
980
698
596
268
710
1000
7
175
518
10
37
148
569
776
921
447
969
447
541
955
458
920
945
311
674
209
64
849
466
906
240
542
470
630
455
257
582
801
357
632
164
504
504
60
831
916
664
616
338
192
936
606
913
678
209
526
39
718
742
582
828
948
968
53
890
106
601
173
530
690
27
646
246
892
460
733
629
508
557
992
743
266
280
834
565
427
88
649
414
727
750
634
694
140
991
443
278
561
498
849
329
444
441
919
857
440
684
549
883
797
203
583
874
961
59
660
889
523
329
23
314
414
512
299
941
748
47
208
352
205
857
189
396
125
199
311
425
886
385
775
916
735
762
798
505
269
989
888
465
137
58
336
262
587
436
103
157
730
948
387
767
785
268
493
591
181
722
735
942
252
882
491
515
75
775
618
562
666
553
379
114
955
126
875
530
708
269
714
21
252
723
657
32
198
595
144
539
1000
969
622
484
431
63
288
552
604
841
49
997
94
430
32
320
499
907
601
191
62
616
721
406
230
41
685
347
982
265
691
686
884
949
949
268
487
812
703
55
852
538
356
70
261
934
947
767
727
658
219
824
449
648
797
969
547
714
650
925
754
517
622
117
540
528
750
126
728
593
630
482
360
623
406
10
971
195
112
491
268
951
492
383
837
424
163
715
277
604
65
299
706
411
238
217
389
966
444
130
892
372
411
25
145
222
524
781
963
201
608
80
984
474
841
9
36
84
659
808
287
772
560
916
279
855
349
683
924
52
206
783
874
846
30
799
90
508
855
233
631
846
747
727
209
981
537
155
737
225
627
212
472
793
960
187
676
66
908
999
730
24
736
836
80
365
359
842
859
555
232
902
115
927
326
9
220
75
926
250
868
669
500
889
61
460
715
607
624
188
971
805
559
968
336
268
519
495
980
86
697
559
672
503
240
144
744
442
751
334
317
522
484
586
294
8
258
761
25
713
285
366
554
52
1
755
283
956
882
240
594
323
608
183
403
577
677
154
190
356
819
697
116
560
656
386
341
420
748
562
550
5
452
78
169
882
637
77
975
707
826
920
60
270
376
370
926
569
503
882
662
942
913
740
874
86
502
669
438
410
340
471
719
49
287
191
250
791
356
454
177
301
695
384
616
855
483
749
390
272
909
117
29
252
769
921
902
582
446
534
551
596
945
366
212
807
520
523
475
116
258
129
819
537
900
937
782
308
195
870
86
764
606
248
57
36
673
101
530
729
663
199
590
371
423
502
201
726
306
113
525
406
652
485
780
541
767
819
973
171
286
808
71
693
346
556
744
700
438
412
818
138
549
666
930
525
948
640
69
338
456
907
610
587
256
85
407
450
678
757
226
794
602
495
698
895
90
267
498
411
263
899
725
897
189
686
893
859
431
88
198
865
438
320
409
178
429
239
586
418
521
251
149
320
65
135
730
296
560
572
359
442
809
347
388
747
796
894
306
757
72
332
933
745
394
152
793
130
279
345
647
808
874
246
41
63
831
131
571
859
608
634
523
253
875
555
43
528
261
656
876
233
753
865
17
309
517
694
530
16
401
373
297
352
682
544
207
72
799
790
803
217
415
677
283
804
284
562
482
741
720
662
359
355
610
809
382
294
304
571
24
746
3
379
227
303
406
459
852
818
799
930
267
545
244
662
227
904
339
98
498
232
439
709
218
824
130
857
12
415
154
89
706
438
243
230
469
291
591
773
887
75
889
828
746
428
35
596
575
89
787
337
17
89
550
962
858
808
474
460
4
223
11
934
417
344
155
161
665
563
709
944
178
3
889
238
442
939
142
171
765
113
790
570
639
862
854
477
738
995
883
679
434
74
748
993
1000
408
725
287
114
558
518
304
587
86
174
1
963
450
175
837
177
572
916
1000
465
287
63
280
598
159
602
164
64
285
973
793
544
906
560
976
520
232
611
882
264
328
287
112
511
870
807
636
49
164
604
430
807
287
157
737
15
453
313
990
588
54
138
355
426
482
552
503
599
316
274
729
400
875
779
939
942
805
862
851
564
551
410
826
333
303
125
398
106
317
689
467
260
285
254
962
999
313
188
98
148
527
98
57
580
110
628
219
365
464
535
433
789
800
818
740
958
426
825
334
565
316
179
774
99
52
54
12
667
796
808
477
509
131
54
235
536
933
936
860
598
710
810
482
800
520
933
976
770
966
748
215
234
811
59
197
518
213
124
676
963
405
290
932
853
89
388
512
323
919
936
905
363
156
390
367
106
619
671
159
289
968
586
915
591
167
719
121
745
85
514
910
331
193
838
416
310
449
508
599
401
71
855
226
432
932
386
909
690
782
603
19
107
327
508
628
736
275
993
910
629
634
370
71
226
909
873
958
815
77
234
532
200
303
715
393
315
179
306
578
152
958
264
503
427
82
733
620
336
340
328
856
285
435
478
193
180
191
486
769
704
265
29
768
9
206
75
322
536
465
855
944
4
932
937
207
106
358
842
149
483
510
660
461
511
901
477
930
835
383
756
492
483
897
111
807
115
3
802
320
529
422
482
229
681
199
859
37
629
644
763
262
766
52
356
231
274
802
801
852
377
483
904
416
69
978
58
200
927
215
649
292
379
172
755
379
672
911
531
615
98
412
812
935
866
48
172
210
851
566
878
616
549
39
656
403
382
649
282
698
722
638
862
320
654
93
512
427
159
128
53
948
446
475
49
317
569
767
383
498
757
310
305
812
593
868
538
673
4
47
72
566
290
764
883
136
147
228
711
883
974
20
791
753
243
474
909
447
93
7
468
820
888
360
641
541
414
677
293
703
375
956
509
531
319
400
969
954
934
642
871
298
422
126
691
843
903
362
851
661
414
471
112
199
75
602
577
60
643
413
850
547
292
436
167
749
379
828
353
772
132
38
672
194
509
537
721
935
353
835
326
843
473
303
878
429
40
471
805
157
369
31
855
947
803
240
349
240
694
83
159
929
897
580
404
667
456
912
706
345
821
622
236
38
662
186
392
832
369
767
690
350
387
377
346
534
836
0
101
241
676
208
248
250
15
806
166
279
607
191
709
504
21
866
36
241
903
78
73
356
895
748
228
551
740
817
310
960
859
793
701
604
402
493
76
40
733
985
617
383
2
152
9
667
809
284
259
586
636
587
454
446
864
836
917
265
997
449
153
538
863
664
266
784
591
395
506
646
18
150
933
933
78
383
688
730
785
20
796
205
135
487
448
879
830
527
302
930
468
484
273
490
464
119
888
803
455
247
556
900
404
911
460
944
15
520
284
677
437
779
634
131
450
601
338
34
388
498
242
154
925
183
522
365
13
432
19
623
973
74
221
504
806
182
58
574
922
638
875
557
571
739
9
335
258
765
407
433
460
484
297
648
32
18
590
654
524
619
283
310
38
85
995
91
482
924
756
689
452
127
43
357
309
593
320
836
839
43
654
236
275
890
968
9
321
201
999
959
997
614
191
261
313
67
486
28
664
244
528
882
970
416
724
721
212
919
105
408
689
191
158
517
788
908
311
805
327
65
10
693
701
572
113
908
773
122
492
534
785
880
584
410
82
482
766
70
69
278
479
324
172
946
753
282
912
461
554
671
527
162
764
486
5
739
918
867
197
626
985
669
736
126
775
946
656
132
472
775
572
265
46
934
624
720
626
754
892
219
506
443
77
618
306
770
656
104
239
963
280
891
821
270
584
823
509
518
318
462
731
314
288
581
737
730
70
411
865
629
500
700
438
711
611
52
624
860
132
458
756
262
276
242
905
483
818
887
346
378
808
750
356
96
101
476
962
992
653
771
456
210
398
501
325
233
982
409
134
780
315
771
485
228
478
923
471
593
175
380
145
502
255
605
915
560
113
486
758
505
758
176
810
813
887
542
263
131
224
766
465
933
265
948
735
369
636
135
875
518
82
112
915
934
293
183
491
253
439
407
761
383
420
795
944
456
903
170
873
267
71
509
855
147
782
612
103
566
107
715
101
938
11
913
549
947
974
244
439
131
541
302
968
895
255
973
859
860
546
110
570
948
343
423
562
9
73
442
765
46
284
544
888
338
368
473
142
613
696
869
164
662
754
434
969
820
780
906
22
119
600
532
696
284
826
47
56
669
480
863
535
163
169
813
322
854
440
915
834
265
930
904
629
320
395
552
254
50
983
43
984
721
925
444
786
256
326
190
817
670
409
0
327
806
745
79
79
191
48
386
448
485
446
355
896
321
126
964
123
642
147
23
29
430
71
875
660
301
432
94
764
759
993
606
659
570
50
53
104
140
881
623
528
208
825
504
857
545
928
283
950
949
555
843
341
723
962
78
547
106
64
493
643
160
588
979
896
158
653
487
349
364
967
640
802
129
631
430
293
274
373
888
670
40
72
914
256
833
714
297
480
790
402
31
151
967
442
527
771
303
264
362
5
66
669
990
973
39
607
655
120
443
321
949
868
246
232
532
608
482
403
703
208
68
814
193
743
214
662
738
236
189
97
574
576
215
554
862
188
943
56
519
80
352
993
234
784
49
922
268
195
654
961
534
142
944
509
396
830
694
350
489
425
513
128
268
123
455
620
471
676
707
778
941
557
329
646
42
13
496
162
545
985
168
76
761
679
985
176
946
717
197
706
876
234
705
269
454
655
541
390
850
194
480
732
373
154
493
856
579
515
189
105
901
694
674
519
633
298
99
422
604
298
121
263
78
163
527
363
403
251
589
684
89
684
431
502
174
778
988
842
561
580
688
619
325
283
94
895
976
24
286
348
424
722
650
80
24
183
811
589
537
560
278
739
61
813
162
128
895
18
686
690
250
301
65
626
691
150
572
469
404
504
363
585
217
513
670
496
971
333
175
71
597
89
424
434
447
356
254
516
825
305
485
688
543
864
305
299
181
193
85
116
714
616
196
444
690
188
390
653
416
148
469
554
368
527
100
734
309
55
664
888
666
703
286
216
460
183
193
432
210
818
23
843
897
520
210
861
227
5
279
35
127
912
639
776
75
451
134
754
645
956
340
772
708
843
557
761
256
168
651
834
116
195
536
893
437
459
268
677
604
497
872
94
999
291
608
984
405
961
225
320
257
997
479
846
367
611
914
40
368
902
373
557
383
869
837
835
651
833
614
698
334
291
818
336
38
308
871
20
513
583
398
699
497
854
668
140
12
544
872
8
447
95
343
54
138
726
439
81
496
717
404
249
679
878
421
813
962
958
599
884
808
934
109
859
397
694
337
170
570
271
861
212
78
604
72
504
851
867
213
953
669
405
543
506
833
972
125
276
129
793
557
225
947
682
415
253
327
884
607
562
931
186
837
224
996
494
22
962
112
770
610
488
821
338
285
549
239
749
787
784
56
324
369
721
506
658
560
960
729
932
355
790
613
724
585
274
548
846
641
427
259
272
84
384
119
836
224
148
500
456
841
492
701
36
789
195
351
827
405
831
394
292
192
875
61
772
591
418
990
749
166
962
46
459
780
238
252
942
830
604
704
105
946
573
409
501
662
856
465
531
631
255
450
676
188
543
508
233
529
574
811
822
736
28
664
631
113
349
721
292
500
392
894
342
920
833
55
275
821
733
37
94
367
952
542
622
148
707
747
298
8
412
168
224
581
933
715
488
917
631
706
735
672
371
394
720
1
676
120
706
535
489
675
383
417
222
731
825
522
608
74
444
192
944
840
47
725
851
895
998
117
887
991
811
209
374
11
231
998
735
281
304
668
176
176
787
580
312
904
915
320
841
670
848
188
772
625
881
336
806
211
603
313
296
179
889
902
841
397
473
245
39
448
639
320
50
745
927
972
962
438
189
861
677
566
92
157
730
691
347
513
681
651
373
890
145
440
406
902
112
751
577
489
40
603
527
325
887
984
838
668
883
43
922
326
104
623
128
56
557
23
894
450
975
333
46
438
356
262
213
164
756
689
640
515
120
200
484
319
686
592
779
72
20
147
891
73
569
813
812
753
808
754
190
717
110
670
722
477
156
642
850
38
726
622
842
778
299
500
316
357
671
277
31
643
727
693
836
871
415
342
765
770
174
561
322
883
975
528
987
518
513
578
935
750
523
965
291
73
267
53
930
938
172
530
580
615
556
482
740
93
499
768
272
747
169
312
621
306
719
838
570
72
739
881
141
256
883
593
582
936
126
678
462
414
845
690
898
344
264
277
711
997
100
751
33
645
560
355
695
49
796
31
340
554
6
762
479
537
15
841
92
33
327
367
437
237
279
447
582
72
55
955
144
223
695
923
142
426
640
986
54
554
407
931
177
5
109
748
567
903
929
139
54
96
421
424
708
934
463
542
807
527
179
141
960
0
385
810
341
87
875
634
564
915
516
208
727
665
580
78
162
604
674
164
133
736
806
301
990
463
377
600
445
171
46
742
13
302
922
663
128
158
446
688
816
128
890
425
519
247
565
749
670
262
962
882
603
892
560
196
14
614
81
87
577
391
937
714
867
660
983
625
528
282
788
378
841
103
648
719
339
504
470
709
858
249
298
324
924
334
230
25
750
341
631
804
750
898
437
518
933
455
633
30
288
880
639
13
287
945
293
489
399
342
853
925
500
24
679
582
392
549
263
219
955
429
604
652
934
727
203
0
147
937
856
164
681
233
186
263
269
37
801
123
454
987
671
315
318
115
381
107
991
720
247
855
506
257
845
20
239
223
415
56
615
103
481
431
459
230
362
516
587
253
624
941
653
906
70
567
631
354
954
381
541
412
715
728
557
452
855
857
930
945
184
336
437
561
392
95
405
200
125
413
814
206
35
877
528
158
662
456
207
606
906
692
839
383
471
869
411
568
236
439
730
67
131
465
680
821
843
615
228
832
867
494
33
118
913
13
118
303
646
698
250
791
837
296
512
496
135
421
571
410
408
231
662
136
882
196
409
55
290
198
14
9
575
627
402
316
375
974
183
193
430
346
985
358
298
8
600
840
777
32
749
941
329
892
611
536
872
544
15
654
436
387
224
647
389
44
416
54
747
457
93
550
513
888
564
104
494
823
732
210
384
394
945
316
482
400
571
150
826
504
275
802
75
441
708
491
483
849
897
706
983
490
399
257
415
885
408
577
324
221
782
269
759
803
479
44
44
993
309
130
292
796
811
395
87
492
806
881
669
413
733
538
432
49
680
2
609
245
769
681
447
121
473
113
644
411
108
648
436
712
972
178
37
79
316
941
314
260
634
854
105
864
629
773
95
169
95
822
728
770
324
597
978
337
37
262
445
122
113
510
351
585
999
359
889
475
48
363
563
641
648
902
209
164
145
381
905
141
969
625
992
729
790
932
664
279
346
951
171
63
79
603
693
57
785
894
827
530
914
670
880
832
1000
150
244
38
764
879
587
315
261
129
982
468
898
598
128
31
26
275
689
32
604
420
936
895
234
983
84
637
259
161
18
906
35
516
915
153
352
922
411
758
18
732
270
709
805
200
616
211
754
688
447
219
310
439
483
782
323
784
839
453
297
792
660
839
137
655
687
228
914
274
609
315
560
116
962
273
628
209
259
455
292
909
706
104
736
720
303
687
345
95
992
923
102
569
405
364
62
757
821
257
92
694
674
39
56
840
673
448
843
637
399
221
522
677
401
773
300
473
804
618
272
456
723
894
206
498
250
842
336
802
589
410
454
230
745
406
213
827
10
227
777
524
822
806
59
353
611
642
378
245
794
109
875
795
851
99
777
271
269
855
812
346
534
974
52
980
457
268
943
41
888
705
102
451
744
100
806
708
271
31
472
871
711
138
439
127
112
175
706
961
912
693
653
802
774
398
358
336
183
234
643
481
328
552
860
632
122
257
433
949
397
169
938
966
153
14
9
481
238
333
821
449
209
571
241
436
130
415
716
733
69
686
331
834
282
250
555
610
731
585
533
370
931
486
952
314
361
141
778
214
739
105
893
683
448
661
531
951
416
730
851
52
229
885
239
863
372
443
230
586
561
977
134
532
320
906
914
83
409
191
748
441
113
585
247
817
808
989
763
389
386
47
955
801
911
604
963
198
428
495
197
743
627
771
685
500
125
305
787
974
18
664
483
408
331
280
741
731
313
242
827
171
595
530
794
290
990
629
679
118
985
655
28
283
338
0
107
127
262
934
839
868
32
233
520
779
567
609
561
971
475
373
791
682
133
63
310
396
616
964
691
539
404
288
876
120
415
704
403
645
36
374
551
951
709
22
114
304
305
921
782
321
366
252
241
534
672
824
196
103
896
943
105
795
707
181
500
712
870
385
126
402
678
784
572
963
480
126
491
421
722
481
938
376
91
363
19
52
806
686
108
436
987
194
619
816
651
803
199
486
240
298
660
638
910
288
983
236
198
731
134
40
56
94
869
6
295
153
1
69
224
996
340
289
991
149
524
241
204
937
335
520
330
365
19
874
135
395
695
335
120
207
230
378
351
317
758
677
582
289
689
577
567
65
684
191
2
407
931
937
111
377
406
664
771
255
435
127
947
58
468
305
875
157
811
174
981
761
927
15
899
558
732
379
367
507
106
563
689
313
979
295
727
734
929
872
805
192
163
97
249
898
342
350
168
551
582
359
976
125
762
589
423
525
4
203
313
452
527
797
324
591
111
97
443
548
253
703
910
793
101
629
49
152
5
710
328
678
661
24
731
412
453
333
685
670
360
216
668
591
40
914
391
798
791
922
803
979
716
10
204
623
247
413
997
860
103
252
180
982
130
614
327
794
210
85
498
183
476
759
902
22
34
817
320
13
597
657
605
365
480
612
816
696
62
342
816
108
495
69
133
589
886
521
649
742
163
510
33
422
141
398
609
26
179
335
225
976
25
874
723
329
811
588
797
848
127
441
904
17
672
74
898
510
447
970
437
693
785
70
93
189
521
772
837
842
831
618
957
645
698
28
207
829
20
